0.012716512661246404
1.263462334755161e-09
0.14675674168127006
4.078959392472825e-13
0.018376062760701695
2.8906861349042856e-09
0.009163260560471231
5.2691065954846295e-09
0.003185038940434759
7.623668363265779e-11
0.045052459212021834
3.289157834984735e-11
0.039119391601223685
2.3570034812792073e-13
0.000924933902919034
4.548826870731659e-10
0.00131733755171759
5.933231683741269e-11
0.0072881195530348775
2.4313884239290928e-14
0.01466380473039186
1.1324852167149402e-10
0.09213667546857707
2.8774760352234807e-12
0.0028713082316312866
1.8366563825367166e-10
0.004033642484516542
7.2515327076416725e-12
0.0011196125468438956
2.9775071297422073e-12
0.0037453147942743126
0.0
0.009313068417713177
0.0
0.0013342025699453197
0.0
0.0002847163051856727
6.661338147750939e-16
0.0010358771225632557
0.0
0.005476636420797765
0.0
0.010700905696691354
0.0
0.0016121901045152986
0.0
0.00017631881918100945
6.661338147750939e-16
0.000985979542743598
0.0
0
0
0
0
0
0
0
0
0
0
0.039228476365317344
7.712280813976236e-10
0.05308945249123376
7.119860256921129e-13
0.003977953039774773
2.0869705963377783e-10
0.0017150596813031438
8.102407633714392e-13
0.001026292197713441
4.20052881366928e-12
0
0
0
0
0
0
0
0
0
0
0.018868045554730983
1.6488788112667407e-10
0.07344667236264113
8.75632899521861e-13
0.009163351566198297
2.90083179699252e-10
0.009447594733844822
1.6149304116197527e-12
0.00022264279886075045
3.420730365633062e-11
0
0
0
0
0
0
0
0
0
0
Best parameters : {'logistic__penalty': 'l1', 'logistic__C': 428.13323987193957}
Best cross-validation score : 10.21
In-sample: CAGR=0.0325226 Sharpe ratio=1.27044 maxDD=-0.0697507 maxDDD=537 Calmar ratio=0.466269

Out-of-sample: CAGR=0.0323244 Sharpe ratio=0.997382 maxDD=-0.0414377 maxDDD=218 Calmar ratio=0.780072  phi_k_corr=0.139202 phi_k_p_val=3.5124e-05  accuracy_score=0.548

Ljung-Box test p-value [4.67349277e-27]
