pearson significance values
        ret1 ret2 ret3 ret4 ret5  ...   ret17   ret18   ret19   ret20 retFut1
ret1     0.0  0.0  0.0  0.0  0.0  ...     0.0     0.0     0.0     0.0     0.0
ret2     0.0  0.0  0.0  0.0  0.0  ...     0.0     0.0     0.0     0.0     0.0
ret3     0.0  0.0  0.0  0.0  0.0  ...     0.0     0.0     0.0     0.0     0.0
ret4     0.0  0.0  0.0  0.0  0.0  ...     0.0     0.0     0.0     0.0     0.0
ret5     0.0  0.0  0.0  0.0  0.0  ...     0.0     0.0     0.0     0.0     0.0
ret6     0.0  0.0  0.0  0.0  0.0  ...     0.0     0.0     0.0     0.0   0.036
ret7     0.0  0.0  0.0  0.0  0.0  ...     0.0     0.0     0.0     0.0  0.1719
ret8     0.0  0.0  0.0  0.0  0.0  ...     0.0     0.0     0.0     0.0  0.0669
ret9     0.0  0.0  0.0  0.0  0.0  ...     0.0     0.0     0.0     0.0  0.0027
ret10    0.0  0.0  0.0  0.0  0.0  ...     0.0     0.0     0.0     0.0     0.0
ret11    0.0  0.0  0.0  0.0  0.0  ...     0.0     0.0     0.0     0.0     0.0
ret12    0.0  0.0  0.0  0.0  0.0  ...     0.0     0.0     0.0     0.0     0.0
ret13    0.0  0.0  0.0  0.0  0.0  ...     0.0     0.0     0.0     0.0  0.0001
ret14    0.0  0.0  0.0  0.0  0.0  ...     0.0     0.0     0.0     0.0  0.0041
ret15    0.0  0.0  0.0  0.0  0.0  ...     0.0     0.0     0.0     0.0  0.1583
ret16    0.0  0.0  0.0  0.0  0.0  ...     0.0     0.0     0.0     0.0   0.078
ret17    0.0  0.0  0.0  0.0  0.0  ...     0.0     0.0     0.0     0.0  0.0266
ret18    0.0  0.0  0.0  0.0  0.0  ...     0.0     0.0     0.0     0.0  0.0261
ret19    0.0  0.0  0.0  0.0  0.0  ...     0.0     0.0     0.0     0.0  0.0126
ret20    0.0  0.0  0.0  0.0  0.0  ...     0.0     0.0     0.0     0.0  0.0082
retFut1  0.0  0.0  0.0  0.0  0.0  ...  0.0266  0.0261  0.0126  0.0082     0.0

[21 rows x 21 columns]
spearman significance values
        ret1 ret2 ret3 ret4 ret5  ...   ret17   ret18  ret19   ret20 retFut1
ret1     0.0  0.0  0.0  0.0  0.0  ...     0.0     0.0    0.0     0.0     0.0
ret2     0.0  0.0  0.0  0.0  0.0  ...     0.0     0.0    0.0     0.0     0.0
ret3     0.0  0.0  0.0  0.0  0.0  ...     0.0     0.0    0.0     0.0     0.0
ret4     0.0  0.0  0.0  0.0  0.0  ...     0.0     0.0    0.0     0.0     0.0
ret5     0.0  0.0  0.0  0.0  0.0  ...     0.0     0.0    0.0     0.0     0.0
ret6     0.0  0.0  0.0  0.0  0.0  ...     0.0     0.0    0.0     0.0     0.0
ret7     0.0  0.0  0.0  0.0  0.0  ...     0.0     0.0    0.0     0.0  0.0001
ret8     0.0  0.0  0.0  0.0  0.0  ...     0.0     0.0    0.0     0.0  0.0004
ret9     0.0  0.0  0.0  0.0  0.0  ...     0.0     0.0    0.0     0.0     0.0
ret10    0.0  0.0  0.0  0.0  0.0  ...     0.0     0.0    0.0     0.0     0.0
ret11    0.0  0.0  0.0  0.0  0.0  ...     0.0     0.0    0.0     0.0     0.0
ret12    0.0  0.0  0.0  0.0  0.0  ...     0.0     0.0    0.0     0.0     0.0
ret13    0.0  0.0  0.0  0.0  0.0  ...     0.0     0.0    0.0     0.0  0.0001
ret14    0.0  0.0  0.0  0.0  0.0  ...     0.0     0.0    0.0     0.0  0.0072
ret15    0.0  0.0  0.0  0.0  0.0  ...     0.0     0.0    0.0     0.0  0.0664
ret16    0.0  0.0  0.0  0.0  0.0  ...     0.0     0.0    0.0     0.0  0.0754
ret17    0.0  0.0  0.0  0.0  0.0  ...     0.0     0.0    0.0     0.0  0.0071
ret18    0.0  0.0  0.0  0.0  0.0  ...     0.0     0.0    0.0     0.0  0.0305
ret19    0.0  0.0  0.0  0.0  0.0  ...     0.0     0.0    0.0     0.0   0.011
ret20    0.0  0.0  0.0  0.0  0.0  ...     0.0     0.0    0.0     0.0  0.0129
retFut1  0.0  0.0  0.0  0.0  0.0  ...  0.0071  0.0305  0.011  0.0129     0.0

[21 rows x 21 columns]
0.08415653583344032
0.09768268453329235
0.021484216989285196
0.10991596833560628
0.04692749791216141
0.1083737278884403
0.05449364910349822
0.10627014452538464
0.060246518478900606
0.11380882165417065
0.08586333479479773
0.09848390728546043
0.025209629954911526
0.11017610562519929
0.05037537200634074
0.10880063279507206
0.05658141858809517
0.10593765733657817
0.05127987061217396
0.11397073441030008
0.061664257091502354
0.08065591521602915
-0.006254174548280027
0.09437628588409702
0.04766081684919851
0.08657628429096076
0.020888194207786905
0.09067470849125947
0.07883220547757912
0.0839258468985555
0.0858505453005319
0.09848346795594572
0.0252134902851826
0.1101818193500037
0.0503648103812257
0.10880460773367458
0.056604166330356996
0.10593631200069614
0.05125550741554699
0.11397034483672665
0.08574892537330409
0.09841396021180784
0.02479493058172076
0.1101491914200828
0.04997377599895723
0.1087979583316813
0.0563860422573511
0.10595133490242022
0.05181917446470961
0.11405785273180709
0.08586857449729252
0.09848315378418976
0.025209038942622112
0.11017795392196121
0.05035167397560931
0.10880557024611524
0.05657933506590579
0.10593679455205168
0.05127794159660554
0.11397209945885102
0.08587136760523562
0.09848493980181326
0.02521613109009507
0.11017820582020364
0.05035770254702492
0.10880353937568626
0.05660592734911173
0.1059345499153835
0.051261427213323635
0.11397087530742346
0.08563280813580981
0.09837083701228751
0.024267452113419984
0.11012307249621431
0.04952716070826665
0.10879487897860154
0.055883415404410754
0.10604901136176255
0.053022436175820455
0.11412047986836318
0.08585213386192382
0.09848326798478516
0.025213788791389687
0.11018084851929436
0.05036600139533467
0.10880501599842089
0.05660644185459116
0.1059356946930923
0.051255631916551796
0.11397083178318523
0.06399190529634684
0.08347917176487649
-0.0030990516911726983
0.09698421807197666
0.04711171509443357
0.09061094443901097
0.02500386603940002
0.09371370279747063
0.08006876145739655
0.08847034522459363
Best parameters : {'ridge__alpha': 1.2742749857031322e-06}
Best cross-validation score : 5.39
In-sample: CAGR=0.0359179 Sharpe ratio=1.4004 maxDD=-0.054036 maxDDD=517 Calmar ratio=0.664702

Out-of-sample: CAGR=0.268713 Sharpe ratio=0.933546 maxDD=-0.050303 maxDDD=192 Calmar ratio=5.3419  Rho=0.104191 PVal=3.02113e-06

Ljung-Box test p-value [0.00139119]
